{
  "height": 24,
  "width": 415,
  "x": 614.3984375,
  "y": 106.796875
}